<?xml version="1.0"?>
<opencv_storage>
<cameraMatrix type_id="opencv-matrix">
  <rows>3</rows>
  <cols>3</cols>
  <dt>d</dt>
  <data>
    1.1444393082387821e+03 0. 9.1605937317117139e+02 0.
    1.1424883305771245e+03 5.2204970384079388e+02 0. 0. 1.</data></cameraMatrix>
<distCoeffs type_id="opencv-matrix">
  <rows>1</rows>
  <cols>5</cols>
  <dt>d</dt>
  <data>
    -2.9611559004210430e-02 -3.3507401218580714e-04
    7.8914871370139670e-03 -3.9387308952152722e-04
    4.5913142061675537e-02</data></distCoeffs>
<Formular_A>-1.2993629259618397e-01</Formular_A>
<Formular_B>-6.4005735414470086e+00</Formular_B>
<Formular_C>1.</Formular_C>
<Formular_D>3.0467860701484261e+02</Formular_D>
<Rw type_id="opencv-matrix">
  <rows>3</rows>
  <cols>1</cols>
  <dt>d</dt>
  <data>
    1.7756427459999219e-01 -2.8961428470091855e-01
    -6.6765710253584604e-02</data></Rw>
<Tw type_id="opencv-matrix">
  <rows>3</rows>
  <cols>1</cols>
  <dt>d</dt>
  <data>
    -1.7902413641467268e+02 -8.5479423958036890e+01
    4.5266447908436089e+02</data></Tw>
</opencv_storage>
